11
13
15
19
20
22
24
25
26
27
28
29
30
31
32
33
35
36
38
39
43
44
45
46
48
49
50
51
53
54
55
60
61
62
63
64
65
66
67
68
71
72
75
77
79
80
82
83
84
86
87
88
89
92
93
95
96
97
98
99
100
101
102
103
108
109
110
112
114
116
117
118
119
120
124
125
126
129
130
133
134
137
139
141
142
143
146
147
148
149
150
151
152
153
154
155
156
157
158
159
160
161
162
163
164
165
167
168
169
170
171
173
174
175
176
178
179
180
181
182
183
184
186
187
189
191
192
194
195
196
197
198
199
200
203
204
205
207
208
211
212
215
218
219
220
222
223
224
225
229
230
235
236
237
238
239
240
241
245
246
247
248
250
251
253
254
255
257
258
259
260
261
262
264
269
270
271
272
273
274
276
277
278
280
281
282
283
284
285
286
288
291
294
295
296
297
298
299
301
302
303
307
308
310
312
313
314
315
316
318
319
320
321
322
323
326
329
331
332
333
334
336
337
338
342
344
346
347
348
349
350
351
352
353
355
356
357
358
362
363
366
367
368
369
370
373
377
378
379
381
382
383
384
385
386
387
388
389
390
391
395
397
399
400
401
402
403
404
405
407
409
410
414
417
419
420
421
423
424
425
426
428
429
430
431
433
435
436
437
438
439
441
442
443
447
448
449
450
451
452
453
457
458
461
462
463
466
467
468
470
472
473
474
475
478
479
481
482
484
486
489
490
492
493
494
495
496
497
499
500
501
502
503
521
522
611
615
616
617
619
620
621
623
624
626
627
629
630
631
632
633
634
635
636
637
638
640
641
644
646
647
648
649
650
651
652
654
655
656
657
658
659
660
661
662
663
664
665
666
667
668
670
671
673
674
675
676
677
679
680
681
683
684
685
686
687
688
689
690
691
692
693
694
695
696
697
698
699
700
701
702
703
704
705
706
708
709
710
711
712
713
714
716
717
718
719
720
721
722
723
725
726
728
729
730
731
732
733
735
736
737
739
741
742
743
744
747
749
750
752
753
754
755
756
757
759
760
761
762
763
764
765
767
768
769
770
771
772
773
774
775
776
777
778
779
780
782
783
784
785
787
789
790
791
792
793
794
795
796
797
798
799
800
802
803
804
805
806
807
808
809
810
811
812
814
815
816
817
819
820
821
822
823
825
826
827
829
830
831
833
835
836
837
838
839
840
841
842
843
844
845
846
847
848
850
851
852
853
854
855
857
858
859
860
861
862
863
864
865
866
867
869
870
871
872
873
874
875
876
877
878
880
881
882
883
885
886
887
888
889
890
892
893
894
895
896
897
898
899
900
901
902
903
904
905
906
907
908
909
910
911
912
913
915
916
917
918
920
921
922
923
925
926
927
928
930
931
932
933
934
935
936
937
939
940
941
942
944
945
946
947
949
950
951
952
953
955
956
957
958
959
961
962
963
964
965
966
967
968
969
970
971
972
973
974
975
977
978
979
980
981
982
983
984
985
987
988
989
990
991
992
993
994
995
996
997
998
999
1000
1001
1002
1003
1005
1006
1007
1008
1009
1010
1011
1012
1013
1014
1015
1016
1017
1018
1019
1020
1021
1023
1024
1025
1026
1027
1028
1030
1031
1032
1033
1034
1035
1036
1037
1038
1039
1040
1041
1042
1043
1044
1045
1046
1047
1048
1049
1050
1051
1052
1054
1055
1056
1058
1059
1060
1061
1062
1063
1064
1065
1066
1067
1068
1069
